------------------------------------------Readme------------------------------------------------
1.处理输入（一行只能有一个乘客请求，格式不符合直接忽略并报错，从控制台读取时间，在100ms范围内的算作一个时间（个位和十位的数字相当于被忽略，即系统时间t取整方式为取<=t的整百ms数））
接受输入的任意位置的空格，大部分时候不支持前导0（只有当坐标<10时支持前导0）
标识符为CR

2.同质请求：最多接受300个请求（）

3.若地图行数不等于80或某一列列数少于80，则输出“图有问题”，其余时候（行数为80，列数>=80）,取前80列正常处理。

4.若出租车在抢单成功后进入停止状态（因为等待服务状态每隔20s都要停止1s），则该出租车退出当前抢单队列，若该出租车在该单派单窗口关闭前返回等待服务状态，并且满足该单的抢单要求，则能够再次抢单，与之前的抢单算作两次抢单，信用度需要加两次。

5.乘客请求在3s时间窗内抢单结束，得到当前抢单队列，并在抢单队列里循环查找最佳出租车（且处于等待服务状态），若一次循环结束后得到的最佳车辆在被派单前被别的乘客请求派单了，则需要重新循环遍历，得到新的最佳请求，直到寻找到处于等待服务状态的最佳车辆，或者是当前队列里的所有车辆都不处于等待服务状态，此时，退出循环，输出“派单失败，请重新叫车”，该单并没有成功派单。

6.关于输出到文件里的系统时间问题。由于抢单的时间窗口是在该请求发出后3s关闭，窗口关闭后，才开始循环寻找最佳车辆并且派单的，所以，理论上派单时间与请求发出时间相隔超过3s（一般在5s左右）。同理，相邻的经停时刻可能差别不是恰好200ms，望大佬理解。

7.由于输出到文件的顺序可能被线程的不确定性打乱，我尽量在每个输出都添加了识别信息，（该车车牌号，该单的乘客标识符等等，希望方便您的阅读）到达目的地时刻就写在经停信息里面了。（至于换行...emmm我太菜了并没有时间研究出来怎么换行，您就将就着看吧，谢谢~）

8.到时候您map的文件位置可能需要修改一下

9.无效输入再补充一点：坐标大小不符合要求的（大于79或小于0的），发出请求所在地与目的地相同的，统一输出“输入坐标大小不满足条件”，并忽略该请求。

10.关于出租车等待服务状态时刻随机走的问题，出租车遇到岔路口，随机选择有路的临边走，不会停在当前点。

11.输出文件的信息：只要乘客发出的请求非同质，就会输出乘客请求内容到文件中，只要该乘客请求在窗口关闭时刻的当前抢单队列不为空，则输出在抢单时间窗内所有参与抢单的出租车信息到文件中，只要有出租车被派单，则输出被派单车辆的运行信息到文件里。
#输出时的车辆状态有四种：0（STOP）停止状态
1（WAIT）等待服务状态
2（ORDER）接单状态
3（SERVE）服务状态

12.单号就是每个乘客请求的当前抢单队列里车辆的编号，从0开始编号。

13.只有在输入乘客请求发出时间时，因为采用百毫秒为精确度，用了假时间，其余都是真时间。

14.只有到达该位置时刻，才更新出租车当前位置

15.类图详见src里面的newfile.cld


测试样例：
[CR,(15,52),(50,66)]
[CR,(75,79),(25,25)]
[CR,(40,5),(8,66)]
[CR,(62,55),(64,51)]
[CR,(38,45),(74,38)]
[CR,(9,43),(42,0)]
[CR,(27,63),(17,75)]
[CR,(78,54),(65,16)]
[CR,(5,30),(77,32)]
[CR,(70,6),(29,1)]
[CR,(58,34),(11,22)]
[CR,(52,27),(61,39)]
[CR,(59,67),(31,32)]
[CR,(22,38),(44,37)]
[CR,(19,12),(25,19)]
[CR,(52,27),(46,2)]
[CR,(55,9),(18,39)]
[CR,(1,15),(50,53)]
[CR,(38,57),(29,51)]
[CR,(7,9),(31,73)]
[CR,(40,28),(56,52)]
[CR,(13,36),(40,9)]
[CR,(65,37),(74,22)]
[CR,(34,75),(58,52)]
[CR,(60,8),(52,41)]
[CR,(32,28),(11,74)]
[CR,(17,45),(50,45)]
[CR,(76,70),(58,44)]
[CR,(33,27),(57,53)]
[CR,(34,10),(19,79)]
[CR,(54,29),(72,56)]
[CR,(43,44),(58,73)]
[CR,(22,48),(9,75)]
[CR,(56,18),(60,18)]
[CR,(63,66),(46,7)]
[CR,(37,52),(3,52)]
[CR,(41,20),(70,41)]
[CR,(73,42),(32,75)]
[CR,(57,25),(39,28)]
[CR,(66,49),(49,22)]
[CR,(58,68),(51,32)]
[CR,(43,6),(26,19)]
[CR,(67,13),(37,71)]
[CR,(56,40),(13,38)]
[CR,(38,28),(51,50)]
[CR,(70,57),(4,2)]
[CR,(60,28),(11,23)]
[CR,(45,46),(67,29)]
[CR,(75,41),(71,62)]
[CR,(47,58),(73,0)]
[CR,(34,2),(75,15)]
[CR,(56,6),(13,37)]
[CR,(25,7),(67,37)]
[CR,(61,60),(2,7)]
[CR,(4,43),(72,13)]
[CR,(31,6),(21,20)]
[CR,(78,50),(9,39)]
[CR,(55,51),(59,46)]
[CR,(0,4),(20,67)]
[CR,(25,34),(38,53)]
[CR,(41,24),(44,37)]
[CR,(67,53),(47,14)]
[CR,(20,57),(65,2)]
[CR,(12,79),(42,47)]
[CR,(23,52),(77,0)]
[CR,(7,6),(55,64)]
[CR,(48,23),(19,41)]
[CR,(79,17),(12,74)]
[CR,(24,35),(64,56)]
[CR,(11,58),(30,43)]
[CR,(1,27),(60,25)]
[CR,(9,76),(7,32)]
[CR,(42,50),(71,77)]
[CR,(20,53),(78,74)]
[CR,(23,64),(14,67)]
[CR,(63,37),(68,25)]
[CR,(27,77),(37,32)]
[CR,(41,61),(51,67)]
[CR,(79,68),(59,7)]
[CR,(40,65),(15,29)]
[CR,(42,33),(59,49)]
[CR,(16,38),(6,32)]
[CR,(57,51),(7,6)]
[CR,(43,51),(17,69)]
[CR,(37,10),(45,2)]
[CR,(33,52),(35,25)]
[CR,(66,41),(20,0)]
[CR,(63,50),(54,57)]
[CR,(43,5),(61,34)]
[CR,(33,11),(3,70)]
[CR,(9,51),(68,38)]
[CR,(25,64),(72,2)]
[CR,(75,29),(45,49)]
[CR,(7,17),(65,33)]
[CR,(29,62),(57,8)]
[CR,(33,35),(33,73)]
[CR,(51,49),(49,2)]
[CR,(73,42),(55,65)]
[CR,(76,53),(39,71)]
[CR,(12,46),(76,5)]
[CR,(1,75),(41,67)]
[CR,(47,74),(65,48)]
[CR,(21,5),(79,51)]
[CR,(18,24),(35,15)]
[CR,(52,73),(10,6)]
[CR,(62,53),(73,36)]
[CR,(5,76),(69,12)]
[CR,(40,51),(33,49)]
[CR,(58,7),(5,42)]
[CR,(46,49),(56,24)]
[CR,(77,37),(10,68)]
[CR,(70,52),(17,65)]
[CR,(51,2),(46,33)]
[CR,(35,34),(74,36)]
[CR,(26,29),(18,75)]
[CR,(65,65),(12,42)]
[CR,(11,6),(37,11)]
[CR,(54,60),(73,31)]
[CR,(42,32),(78,0)]
[CR,(17,45),(14,35)]
[CR,(3,16),(47,57)]
[CR,(13,52),(64,20)]
[CR,(13,43),(2,70)]
[CR,(12,30),(0,36)]
[CR,(8,75),(13,10)]
[CR,(13,78),(25,41)]
[CR,(0,11),(79,75)]
[CR,(8,71),(46,23)]
[CR,(73,38),(18,32)]
[CR,(30,78),(31,72)]
[CR,(50,75),(9,33)]
[CR,(43,28),(50,36)]
[CR,(36,11),(65,75)]
[CR,(38,42),(11,24)]
[CR,(66,9),(65,73)]
[CR,(61,36),(70,19)]
[CR,(57,8),(59,11)]
[CR,(75,54),(9,36)]
[CR,(46,16),(43,18)]
[CR,(68,33),(37,61)]
[CR,(20,25),(36,65)]
[CR,(21,6),(20,2)]
[CR,(69,14),(72,45)]
[CR,(22,25),(9,42)]
[CR,(38,27),(46,14)]
[CR,(9,15),(5,76)]
[CR,(5,79),(59,59)]
[CR,(10,16),(30,67)]
[CR,(28,26),(12,1)]
[CR,(78,5),(39,59)]
[CR,(77,63),(72,77)]
[CR,(38,42),(76,49)]
[CR,(69,35),(47,28)]
[CR,(27,44),(20,53)]
[CR,(75,44),(15,2)]
[CR,(49,76),(79,27)]
[CR,(31,18),(59,47)]
[CR,(22,26),(56,37)]
[CR,(77,48),(4,75)]
[CR,(49,27),(18,58)]
[CR,(73,67),(2,43)]
[CR,(53,67),(28,50)]
[CR,(51,42),(73,40)]
[CR,(13,11),(79,24)]
[CR,(2,36),(39,47)]
[CR,(79,27),(60,38)]
[CR,(42,36),(50,75)]
[CR,(59,64),(64,75)]
[CR,(24,32),(75,77)]
[CR,(11,7),(65,40)]
[CR,(66,61),(31,68)]
[CR,(18,64),(47,30)]
[CR,(57,36),(66,53)]
[CR,(79,11),(54,33)]
[CR,(40,32),(36,35)]
[CR,(9,61),(41,23)]
[CR,(68,13),(30,55)]
[CR,(49,76),(54,73)]
[CR,(75,26),(19,9)]
[CR,(53,14),(38,33)]
[CR,(7,23),(65,4)]
[CR,(57,46),(74,74)]
[CR,(74,39),(63,37)]
[CR,(77,39),(49,3)]
[CR,(33,15),(63,44)]
[CR,(12,38),(47,75)]
[CR,(35,53),(58,26)]
[CR,(41,43),(5,22)]
[CR,(17,1),(72,17)]
[CR,(49,40),(45,54)]
[CR,(37,46),(55,7)]
[CR,(13,16),(77,18)]
[CR,(37,25),(17,34)]
[CR,(31,73),(49,18)]
[CR,(30,49),(57,76)]
[CR,(17,26),(34,32)]
[CR,(27,37),(75,16)]
[CR,(11,29),(3,40)]
[CR,(61,25),(32,27)]
[CR,(28,45),(48,56)]
[CR,(66,64),(57,43)]
[CR,(29,9),(79,0)]
[CR,(16,2),(50,51)]
[CR,(3,79),(48,3)]
[CR,(8,8),(30,37)]
[CR,(60,49),(15,20)]
[CR,(5,74),(14,53)]
[CR,(14,51),(78,25)]
[CR,(44,72),(44,12)]
[CR,(12,42),(29,43)]
[CR,(44,77),(26,50)]
[CR,(50,46),(52,67)]
[CR,(29,61),(53,3)]
[CR,(22,24),(5,62)]
[CR,(2,40),(53,75)]
[CR,(23,36),(44,74)]
[CR,(56,19),(44,73)]
[CR,(63,16),(64,70)]
[CR,(38,54),(52,15)]
[CR,(51,10),(1,53)]
[CR,(45,24),(68,15)]
[CR,(63,54),(25,27)]
[CR,(8,21),(73,79)]
[CR,(75,21),(13,62)]
[CR,(42,24),(78,38)]
[CR,(27,79),(27,53)]
[CR,(36,48),(54,44)]
[CR,(24,73),(28,12)]
[CR,(46,79),(14,77)]
[CR,(42,15),(0,14)]
[CR,(58,21),(62,6)]
[CR,(79,59),(70,41)]
[CR,(6,57),(22,54)]
[CR,(18,11),(51,29)]
[CR,(8,48),(35,46)]
[CR,(55,62),(24,12)]
[CR,(17,35),(41,65)]
[CR,(59,23),(62,43)]
[CR,(77,29),(7,52)]
[CR,(6,24),(10,31)]
[CR,(15,74),(40,62)]
[CR,(42,24),(43,49)]
[CR,(71,25),(30,9)]
[CR,(66,29),(41,58)]
[CR,(77,11),(55,47)]
[CR,(54,66),(22,55)]
[CR,(52,65),(42,61)]
[CR,(19,50),(30,69)]
[CR,(42,64),(8,18)]
[CR,(21,42),(8,21)]
[CR,(20,64),(29,16)]
[CR,(15,26),(4,25)]
[CR,(68,40),(30,74)]
[CR,(31,20),(60,53)]
[CR,(53,36),(9,4)]
[CR,(60,75),(53,78)]
[CR,(42,79),(58,22)]
[CR,(57,5),(61,14)]
[CR,(68,72),(34,73)]
[CR,(49,9),(12,13)]
[CR,(75,65),(32,7)]
[CR,(26,65),(68,41)]
[CR,(65,26),(10,78)]
[CR,(20,57),(19,79)]
[CR,(68,58),(2,46)]
[CR,(41,77),(78,46)]
[CR,(11,6),(3,54)]
[CR,(76,78),(53,59)]
[CR,(53,40),(18,42)]
[CR,(44,30),(51,39)]
[CR,(31,9),(31,63)]
[CR,(32,79),(29,74)]
[CR,(28,38),(19,29)]
[CR,(25,55),(64,44)]
[CR,(12,78),(50,76)]
[CR,(53,30),(20,69)]
[CR,(56,1),(56,71)]
[CR,(24,13),(29,4)]
[CR,(33,34),(45,27)]
[CR,(34,32),(22,53)]
[CR,(6,70),(19,72)]
[CR,(62,53),(70,57)]
[CR,(44,51),(52,78)]
[CR,(62,59),(29,65)]
[CR,(69,65),(54,49)]
[CR,(2,35),(69,3)]
[CR,(44,43),(40,38)]
[CR,(32,34),(35,3)]
[CR,(69,47),(20,3)]
[CR,(58,12),(68,42)]
[CR,(47,41),(61,66)]
[CR,(61,58),(18,51)]
[CR,(51,59),(16,13)]
[CR,(14,37),(47,56)]
[CR,(20,56),(52,51)]
[CR,(12,40),(23,41)]
[CR,(62,68),(75,33)]
[CR,(19,17),(79,4)]
[CR,(40,37),(49,58)]
[CR,(5,63),(26,13)]
