##############需求模板分析#####################
1.系统阐述
1）系统功能描述
（1）利用多线程，能够为乘客提供出租车叫车应答系统服务，并结合相应GUI即时现实结果。
2）系统性能要求
（1）请求数目不能超过300个
3）约束条件
输入：[CR,(nowi,nowj),(aimi,aimj)],要求CR为英文字符a-z组成的字符串
      坐标值大部分时候不支持前导0（只有当坐标值<10的时候支持前导0），无论何时不支持前导+
输出：控制台输出
      线程成功运行提示，如每个乘客请求（非同质）开启线程时输出“Passreq run!”
      在3s时间窗内，输出抢单单号，车牌号信息
      抢单窗口关闭时，输出关闭时当前抢单成功车辆
      被派单成功后，输出被派单给该车，之后输出相应信息到文件，控制台也会有到达乘客上车地点到达目的地的提醒输出。
      被派单失败后，输出“派单失败，请重新叫车”
      文件输出 
      对于每一个非同质的乘客请求，记录乘客请求内容（发出时刻、请求坐标、目的地坐标）和在抢单时间窗内所有参与抢单的出       租车信息：车辆编号、车辆位置、车辆状态、车辆信用信息
      对于每一个成功被派单的乘客请求，输出被派单的车辆运行信息：车辆编号、 派单时的车辆位置坐标、 派单时刻、
      达到乘客位置的时刻、 乘客位置坐标、到达目的地坐标、 到达目的地时刻、 途经分支点的坐标和经过时刻。
数据：测试数据如下（300行）
[CR,(15,52),(50,66)]
[CR,(75,79),(25,25)]
[CR,(40,5),(8,66)]
[CR,(62,55),(64,51)]
[CR,(38,45),(74,38)]
[CR,(9,43),(42,0)]
[CR,(27,63),(17,75)]
[CR,(78,54),(65,16)]
[CR,(5,30),(77,32)]
[CR,(70,6),(29,1)]
[CR,(58,34),(11,22)]
[CR,(52,27),(61,39)]
[CR,(59,67),(31,32)]
[CR,(22,38),(44,37)]
[CR,(19,12),(25,19)]
[CR,(52,27),(46,2)]
[CR,(55,9),(18,39)]
[CR,(1,15),(50,53)]
[CR,(38,57),(29,51)]
[CR,(7,9),(31,73)]
[CR,(40,28),(56,52)]
[CR,(13,36),(40,9)]
[CR,(65,37),(74,22)]
[CR,(34,75),(58,52)]
[CR,(60,8),(52,41)]
[CR,(32,28),(11,74)]
[CR,(17,45),(50,45)]
[CR,(76,70),(58,44)]
[CR,(33,27),(57,53)]
[CR,(34,10),(19,79)]
[CR,(54,29),(72,56)]
[CR,(43,44),(58,73)]
[CR,(22,48),(9,75)]
[CR,(56,18),(60,18)]
[CR,(63,66),(46,7)]
[CR,(37,52),(3,52)]
[CR,(41,20),(70,41)]
[CR,(73,42),(32,75)]
[CR,(57,25),(39,28)]
[CR,(66,49),(49,22)]
[CR,(58,68),(51,32)]
[CR,(43,6),(26,19)]
[CR,(67,13),(37,71)]
[CR,(56,40),(13,38)]
[CR,(38,28),(51,50)]
[CR,(70,57),(4,2)]
[CR,(60,28),(11,23)]
[CR,(45,46),(67,29)]
[CR,(75,41),(71,62)]
[CR,(47,58),(73,0)]
[CR,(34,2),(75,15)]
[CR,(56,6),(13,37)]
[CR,(25,7),(67,37)]
[CR,(61,60),(2,7)]
[CR,(4,43),(72,13)]
[CR,(31,6),(21,20)]
[CR,(78,50),(9,39)]
[CR,(55,51),(59,46)]
[CR,(0,4),(20,67)]
[CR,(25,34),(38,53)]
[CR,(41,24),(44,37)]
[CR,(67,53),(47,14)]
[CR,(20,57),(65,2)]
[CR,(12,79),(42,47)]
[CR,(23,52),(77,0)]
[CR,(7,6),(55,64)]
[CR,(48,23),(19,41)]
[CR,(79,17),(12,74)]
[CR,(24,35),(64,56)]
[CR,(11,58),(30,43)]
[CR,(1,27),(60,25)]
[CR,(9,76),(7,32)]
[CR,(42,50),(71,77)]
[CR,(20,53),(78,74)]
[CR,(23,64),(14,67)]
[CR,(63,37),(68,25)]
[CR,(27,77),(37,32)]
[CR,(41,61),(51,67)]
[CR,(79,68),(59,7)]
[CR,(40,65),(15,29)]
[CR,(42,33),(59,49)]
[CR,(16,38),(6,32)]
[CR,(57,51),(7,6)]
[CR,(43,51),(17,69)]
[CR,(37,10),(45,2)]
[CR,(33,52),(35,25)]
[CR,(66,41),(20,0)]
[CR,(63,50),(54,57)]
[CR,(43,5),(61,34)]
[CR,(33,11),(3,70)]
[CR,(9,51),(68,38)]
[CR,(25,64),(72,2)]
[CR,(75,29),(45,49)]
[CR,(7,17),(65,33)]
[CR,(29,62),(57,8)]
[CR,(33,35),(33,73)]
[CR,(51,49),(49,2)]
[CR,(73,42),(55,65)]
[CR,(76,53),(39,71)]
[CR,(12,46),(76,5)]
[CR,(1,75),(41,67)]
[CR,(47,74),(65,48)]
[CR,(21,5),(79,51)]
[CR,(18,24),(35,15)]
[CR,(52,73),(10,6)]
[CR,(62,53),(73,36)]
[CR,(5,76),(69,12)]
[CR,(40,51),(33,49)]
[CR,(58,7),(5,42)]
[CR,(46,49),(56,24)]
[CR,(77,37),(10,68)]
[CR,(70,52),(17,65)]
[CR,(51,2),(46,33)]
[CR,(35,34),(74,36)]
[CR,(26,29),(18,75)]
[CR,(65,65),(12,42)]
[CR,(11,6),(37,11)]
[CR,(54,60),(73,31)]
[CR,(42,32),(78,0)]
[CR,(17,45),(14,35)]
[CR,(3,16),(47,57)]
[CR,(13,52),(64,20)]
[CR,(13,43),(2,70)]
[CR,(12,30),(0,36)]
[CR,(8,75),(13,10)]
[CR,(13,78),(25,41)]
[CR,(0,11),(79,75)]
[CR,(8,71),(46,23)]
[CR,(73,38),(18,32)]
[CR,(30,78),(31,72)]
[CR,(50,75),(9,33)]
[CR,(43,28),(50,36)]
[CR,(36,11),(65,75)]
[CR,(38,42),(11,24)]
[CR,(66,9),(65,73)]
[CR,(61,36),(70,19)]
[CR,(57,8),(59,11)]
[CR,(75,54),(9,36)]
[CR,(46,16),(43,18)]
[CR,(68,33),(37,61)]
[CR,(20,25),(36,65)]
[CR,(21,6),(20,2)]
[CR,(69,14),(72,45)]
[CR,(22,25),(9,42)]
[CR,(38,27),(46,14)]
[CR,(9,15),(5,76)]
[CR,(5,79),(59,59)]
[CR,(10,16),(30,67)]
[CR,(28,26),(12,1)]
[CR,(78,5),(39,59)]
[CR,(77,63),(72,77)]
[CR,(38,42),(76,49)]
[CR,(69,35),(47,28)]
[CR,(27,44),(20,53)]
[CR,(75,44),(15,2)]
[CR,(49,76),(79,27)]
[CR,(31,18),(59,47)]
[CR,(22,26),(56,37)]
[CR,(77,48),(4,75)]
[CR,(49,27),(18,58)]
[CR,(73,67),(2,43)]
[CR,(53,67),(28,50)]
[CR,(51,42),(73,40)]
[CR,(13,11),(79,24)]
[CR,(2,36),(39,47)]
[CR,(79,27),(60,38)]
[CR,(42,36),(50,75)]
[CR,(59,64),(64,75)]
[CR,(24,32),(75,77)]
[CR,(11,7),(65,40)]
[CR,(66,61),(31,68)]
[CR,(18,64),(47,30)]
[CR,(57,36),(66,53)]
[CR,(79,11),(54,33)]
[CR,(40,32),(36,35)]
[CR,(9,61),(41,23)]
[CR,(68,13),(30,55)]
[CR,(49,76),(54,73)]
[CR,(75,26),(19,9)]
[CR,(53,14),(38,33)]
[CR,(7,23),(65,4)]
[CR,(57,46),(74,74)]
[CR,(74,39),(63,37)]
[CR,(77,39),(49,3)]
[CR,(33,15),(63,44)]
[CR,(12,38),(47,75)]
[CR,(35,53),(58,26)]
[CR,(41,43),(5,22)]
[CR,(17,1),(72,17)]
[CR,(49,40),(45,54)]
[CR,(37,46),(55,7)]
[CR,(13,16),(77,18)]
[CR,(37,25),(17,34)]
[CR,(31,73),(49,18)]
[CR,(30,49),(57,76)]
[CR,(17,26),(34,32)]
[CR,(27,37),(75,16)]
[CR,(11,29),(3,40)]
[CR,(61,25),(32,27)]
[CR,(28,45),(48,56)]
[CR,(66,64),(57,43)]
[CR,(29,9),(79,0)]
[CR,(16,2),(50,51)]
[CR,(3,79),(48,3)]
[CR,(8,8),(30,37)]
[CR,(60,49),(15,20)]
[CR,(5,74),(14,53)]
[CR,(14,51),(78,25)]
[CR,(44,72),(44,12)]
[CR,(12,42),(29,43)]
[CR,(44,77),(26,50)]
[CR,(50,46),(52,67)]
[CR,(29,61),(53,3)]
[CR,(22,24),(5,62)]
[CR,(2,40),(53,75)]
[CR,(23,36),(44,74)]
[CR,(56,19),(44,73)]
[CR,(63,16),(64,70)]
[CR,(38,54),(52,15)]
[CR,(51,10),(1,53)]
[CR,(45,24),(68,15)]
[CR,(63,54),(25,27)]
[CR,(8,21),(73,79)]
[CR,(75,21),(13,62)]
[CR,(42,24),(78,38)]
[CR,(27,79),(27,53)]
[CR,(36,48),(54,44)]
[CR,(24,73),(28,12)]
[CR,(46,79),(14,77)]
[CR,(42,15),(0,14)]
[CR,(58,21),(62,6)]
[CR,(79,59),(70,41)]
[CR,(6,57),(22,54)]
[CR,(18,11),(51,29)]
[CR,(8,48),(35,46)]
[CR,(55,62),(24,12)]
[CR,(17,35),(41,65)]
[CR,(59,23),(62,43)]
[CR,(77,29),(7,52)]
[CR,(6,24),(10,31)]
[CR,(15,74),(40,62)]
[CR,(42,24),(43,49)]
[CR,(71,25),(30,9)]
[CR,(66,29),(41,58)]
[CR,(77,11),(55,47)]
[CR,(54,66),(22,55)]
[CR,(52,65),(42,61)]
[CR,(19,50),(30,69)]
[CR,(42,64),(8,18)]
[CR,(21,42),(8,21)]
[CR,(20,64),(29,16)]
[CR,(15,26),(4,25)]
[CR,(68,40),(30,74)]
[CR,(31,20),(60,53)]
[CR,(53,36),(9,4)]
[CR,(60,75),(53,78)]
[CR,(42,79),(58,22)]
[CR,(57,5),(61,14)]
[CR,(68,72),(34,73)]
[CR,(49,9),(12,13)]
[CR,(75,65),(32,7)]
[CR,(26,65),(68,41)]
[CR,(65,26),(10,78)]
[CR,(20,57),(19,79)]
[CR,(68,58),(2,46)]
[CR,(41,77),(78,46)]
[CR,(11,6),(3,54)]
[CR,(76,78),(53,59)]
[CR,(53,40),(18,42)]
[CR,(44,30),(51,39)]
[CR,(31,9),(31,63)]
[CR,(32,79),(29,74)]
[CR,(28,38),(19,29)]
[CR,(25,55),(64,44)]
[CR,(12,78),(50,76)]
[CR,(53,30),(20,69)]
[CR,(56,1),(56,71)]
[CR,(24,13),(29,4)]
[CR,(33,34),(45,27)]
[CR,(34,32),(22,53)]
[CR,(6,70),(19,72)]
[CR,(62,53),(70,57)]
[CR,(44,51),(52,78)]
[CR,(62,59),(29,65)]
[CR,(69,65),(54,49)]
[CR,(2,35),(69,3)]
[CR,(44,43),(40,38)]
[CR,(32,34),(35,3)]
[CR,(69,47),(20,3)]
[CR,(58,12),(68,42)]
[CR,(47,41),(61,66)]
[CR,(61,58),(18,51)]
[CR,(51,59),(16,13)]
[CR,(14,37),(47,56)]
[CR,(20,56),(52,51)]
[CR,(12,40),(23,41)]
[CR,(62,68),(75,33)]
[CR,(19,17),(79,4)]
[CR,(40,37),(49,58)]
[CR,(5,63),(26,13)]
测试：（详见readme）
2.交互分析
1）对象：
（1）地图对象：连通图，乘客与出租车在图内完成叫车应答。
（2）乘客对象：可以叫车，向出租车发出信号，筛选并选择合适的出租车派单。
（3）出租车对象：每个出租车可以抢单，由系统指配是否派单。
2）与地图对象的交互：系统通过读取地图上的边，确定两点间最短路径，以便出租车行进。
与乘客对象的交互：系统将乘客的请求发布给满足条件的出租车，并选择合适的出租车调度派单。
与出租车对象的交互：系统调度出租车是否被派单。
3）类图详见newfile.cld（害怕泄露个人信息，没敢交图片）
4）并发分析：在对共享对象进行操作时，需要加锁。